0
-------------------------
|     3 |       |   4 6 |
| 9     |     8 |       |
|   2   | 6     |       |
-------------------------
|       |     2 |       |
| 1     |       | 9     |
|     9 |   4   |     3 |
-------------------------
|       |   1   |     4 |
| 6   4 |     5 |     8 |
|       |   3   | 5   2 |
-------------------------

1
-------------------------
|   8   |       |       |
|       | 9     |       |
|       | 5 2   | 4   3 |
-------------------------
|     9 | 1     |   8 2 |
| 1   6 |       | 3 9   |
|       |     4 |       |
-------------------------
|   4 5 |   8   | 1     |
| 6     | 2     |     5 |
|     2 |   4   |     8 |
-------------------------

2
-------------------------
| 4   3 |       |   5   |
|       |       | 3 6   |
|     1 | 6     | 4 8   |
-------------------------
|     6 | 4 8   | 2     |
|       | 5   6 |       |
|   9   |       |       |
-------------------------
|       |       |   2 9 |
|       |     5 |       |
| 1 2 9 | 3 4   | 6     |
-------------------------

3
-------------------------
|     9 |   4   |       |
|       |       |     3 |
|     3 | 6     | 1   8 |
-------------------------
|     1 | 2     |       |
| 3     |   9   |     6 |
| 2 6 8 |       | 9     |
-------------------------
|       | 1     | 5 6   |
|       |   2   | 8   1 |
| 4   5 |       | 2     |
-------------------------

4
-------------------------
|       | 8     |       |
|     6 |     4 | 8     |
| 8 2   | 3     | 5     |
-------------------------
|   5 4 | 9 2   |   1   |
|   6 1 |       |     3 |
| 9     |       |       |
-------------------------
|       |   8 9 | 6     |
|       |   1   |   9 2 |
|   4   | 5     |       |
-------------------------

5
-------------------------
|       | 1     |   6   |
|     5 |   9   |   3   |
|   3   | 8     | 2   9 |
-------------------------
|       |       | 3   5 |
|   4   | 2 8   |       |
|   9   |   4   |     8 |
-------------------------
| 8 1   |       |       |
|       |       | 5     |
|     2 | 3     |   9 1 |
-------------------------

6
-------------------------
|   6   |       |   3   |
| 4     |     3 | 6   1 |
|       |   6   | 8   5 |
-------------------------
| 6     |   4   |     8 |
|   4   |   8   |       |
|   5 1 |   9   |     4 |
-------------------------
|     5 |     9 | 1     |
| 1     |     8 | 5   9 |
| 9     |     2 |       |
-------------------------

7
-------------------------
|       |   2   | 4   1 |
|   2   |   9 1 |   8   |
|   6 5 |   8   |   9   |
-------------------------
|       |     4 |       |
| 6   3 |   1 9 |       |
|       | 2     |     5 |
-------------------------
| 5     |       |     9 |
|   9   | 3 4   | 2     |
|       |     6 |       |
-------------------------

8
-------------------------
| 6     |     1 | 5   9 |
|       |     5 |   8 2 |
|     8 |   6   |       |
-------------------------
| 9   3 |       |       |
|       |     2 |     1 |
| 1     | 4   6 |       |
-------------------------
|   2   |       |       |
|   4 6 | 5   8 |       |
| 5 1   |     4 | 2     |
-------------------------

9
-------------------------
| 9     |       |     3 |
|   4 6 |       | 5   1 |
|       |   3   | 8     |
-------------------------
|       |       | 2 1 4 |
|   8   |     6 |       |
|     3 |       |     6 |
-------------------------
| 2     | 5 8   | 4     |
|   3   |   1   |       |
| 4     |   2   |       |
-------------------------

10
-------------------------
| 2     | 4   9 |     3 |
|   5 1 | 3     |       |
| 8     |   6 5 |       |
-------------------------
|       |       |   9   |
| 5 3   |       |       |
|   6   |     2 | 4     |
-------------------------
|     4 | 9     | 6     |
|       |       |     2 |
|     9 |       |   3 5 |
-------------------------

11
-------------------------
|       |       |   4   |
|     4 | 8     | 2     |
|       | 2   5 | 8 6 3 |
-------------------------
| 9     | 4     |     6 |
|   8   |   5   |       |
|     2 |     3 |       |
-------------------------
| 1     |       |       |
|     3 |       | 5 9   |
|   5 9 |   6 1 |   2   |
-------------------------

12
-------------------------
| 2     |     4 |       |
|       |       | 9   6 |
|     5 |     6 |   3   |
-------------------------
|       | 3     | 5     |
|       |   9 8 |     2 |
|   6 3 |     1 |       |
-------------------------
| 1     |       |   8   |
| 8     | 5     | 1     |
|     4 |       |     3 |
-------------------------

13
-------------------------
|   6   |   9 5 |   2   |
| 2 1   | 3     | 9 6 4 |
|       |       | 3     |
-------------------------
| 4 3   |   5   |       |
| 8     | 9     |   5   |
|     1 | 6     | 4     |
-------------------------
|       |   2   |       |
| 3 4   |       | 2     |
| 1     |       |     3 |
-------------------------

14
-------------------------
| 5 6 1 | 4     |       |
|     2 |       | 4 3   |
|       |       |   6   |
-------------------------
| 6 2 5 |     9 |       |
|     3 |     8 |       |
|   9   | 2     |       |
-------------------------
|   4 6 |   1   |   8   |
| 9     | 8     |     5 |
|       |       | 3     |
-------------------------

15
-------------------------
| 5   1 |   9   |   2   |
|   2   |   6   |   8   |
|     9 |     3 |       |
-------------------------
|       |   5   | 4     |
| 1     |   2   | 5   3 |
|       |       |       |
-------------------------
|       | 8   2 |     4 |
|     5 | 9     |       |
| 4     |       | 9 6   |
-------------------------

16
-------------------------
| 5   6 |       | 4   1 |
| 8     | 9 3   |     5 |
| 2     | 4     |       |
-------------------------
|     8 |       | 5     |
|       | 3   4 |     8 |
| 1 2   |       |       |
-------------------------
|     9 | 1   6 |     4 |
|     3 |   8   | 1     |
|       |       |   9   |
-------------------------

17
-------------------------
|       |   5   |       |
|   4   |   6 1 |       |
| 9     |       | 4   3 |
-------------------------
|   2   | 3     |   6 9 |
|       |     5 | 8     |
|       |   9   |   3   |
-------------------------
|     3 |       |     2 |
|       |     6 | 3 8 5 |
| 8 1   | 2     |   4 6 |
-------------------------

18
-------------------------
|     8 |       | 2     |
| 9     |     3 |       |
| 1 3   |     6 |   9   |
-------------------------
| 6     |   8   |     5 |
|       |       | 6     |
|       |   4 9 |       |
-------------------------
| 5 6   |   9   |     1 |
| 4     |       |   2 3 |
|   9   |     2 |       |
-------------------------

19
-------------------------
|       |       | 8 4 5 |
| 5 3   | 2   8 |     1 |
|   6   |       |   9 2 |
-------------------------
| 9   3 | 6     |   8   |
|     4 |       |   6   |
|     5 | 9     |       |
-------------------------
| 2     | 8 9   | 1     |
|       |   1   |       |
|   9   |       |     4 |
-------------------------

20
-------------------------
|   9   |       | 2   8 |
|   6   |     5 | 4 3   |
|     1 | 9     |       |
-------------------------
| 9     | 6   4 |       |
| 6   5 | 3 1 9 |       |
|     2 |       |       |
-------------------------
|       |       |     3 |
|   2   |       | 6 4   |
| 4 5   |       |       |
-------------------------

21
-------------------------
|       | 3     |   2   |
| 3 2 9 |     4 |       |
|   8   |     9 |     6 |
-------------------------
|   9   | 1     |   3   |
| 4   8 |       |       |
|       |   5   | 8     |
-------------------------
|       |   6 2 |       |
| 6     |       | 5 4   |
|       |       |   1   |
-------------------------

22
-------------------------
|       |     6 |   2   |
|   1   |       | 9   4 |
|       |   5 4 | 6 3   |
-------------------------
| 5 6   |     3 |       |
|       | 4 1   |       |
| 4     |   9   |   8   |
-------------------------
|   9   |     1 | 2     |
|   5 6 | 3   9 |     1 |
|     3 | 2     |       |
-------------------------

23
-------------------------
|       |   4   | 8 3   |
|     1 | 5     |       |
| 8     |       | 9     |
-------------------------
|       | 1   6 | 4     |
| 9   3 |   5   |   2   |
|       |       |   6 3 |
-------------------------
|   4   | 2     | 6     |
|     8 |   1 4 |       |
|       |     8 |   9   |
---------------------